<Qucs Dataset 0.0.18>
<indep t 501>
  +0.00000000000e+00
  +1.00000000000e-08
  +2.00000000000e-08
  +3.00000000000e-08
  +4.00000000000e-08
  +5.00000000000e-08
  +6.00000000000e-08
  +7.00000000000e-08
  +8.00000000000e-08
  +9.00000000000e-08
  +1.00000000000e-07
  +1.10000000000e-07
  +1.20000000000e-07
  +1.30000000000e-07
  +1.40000000000e-07
  +1.50000000000e-07
  +1.60000000000e-07
  +1.70000000000e-07
  +1.80000000000e-07
  +1.90000000000e-07
  +2.00000000000e-07
  +2.10000000000e-07
  +2.20000000000e-07
  +2.30000000000e-07
  +2.40000000000e-07
  +2.50000000000e-07
  +2.60000000000e-07
  +2.70000000000e-07
  +2.80000000000e-07
  +2.90000000000e-07
  +3.00000000000e-07
  +3.10000000000e-07
  +3.20000000000e-07
  +3.30000000000e-07
  +3.40000000000e-07
  +3.50000000000e-07
  +3.60000000000e-07
  +3.70000000000e-07
  +3.80000000000e-07
  +3.90000000000e-07
  +4.00000000000e-07
  +4.10000000000e-07
  +4.20000000000e-07
  +4.30000000000e-07
  +4.40000000000e-07
  +4.50000000000e-07
  +4.60000000000e-07
  +4.70000000000e-07
  +4.80000000000e-07
  +4.90000000000e-07
  +5.00000000000e-07
  +5.10000000000e-07
  +5.20000000000e-07
  +5.30000000000e-07
  +5.40000000000e-07
  +5.50000000000e-07
  +5.60000000000e-07
  +5.70000000000e-07
  +5.80000000000e-07
  +5.90000000000e-07
  +6.00000000000e-07
  +6.10000000000e-07
  +6.20000000000e-07
  +6.30000000000e-07
  +6.40000000000e-07
  +6.50000000000e-07
  +6.60000000000e-07
  +6.70000000000e-07
  +6.80000000000e-07
  +6.90000000000e-07
  +7.00000000000e-07
  +7.10000000000e-07
  +7.20000000000e-07
  +7.30000000000e-07
  +7.40000000000e-07
  +7.50000000000e-07
  +7.60000000000e-07
  +7.70000000000e-07
  +7.80000000000e-07
  +7.90000000000e-07
  +8.00000000000e-07
  +8.10000000000e-07
  +8.20000000000e-07
  +8.30000000000e-07
  +8.40000000000e-07
  +8.50000000000e-07
  +8.60000000000e-07
  +8.70000000000e-07
  +8.80000000000e-07
  +8.90000000000e-07
  +9.00000000000e-07
  +9.10000000000e-07
  +9.20000000000e-07
  +9.30000000000e-07
  +9.40000000000e-07
  +9.50000000000e-07
  +9.60000000000e-07
  +9.70000000000e-07
  +9.80000000000e-07
  +9.90000000000e-07
  +1.00000000000e-06
  +1.01000000000e-06
  +1.02000000000e-06
  +1.03000000000e-06
  +1.04000000000e-06
  +1.05000000000e-06
  +1.06000000000e-06
  +1.07000000000e-06
  +1.08000000000e-06
  +1.09000000000e-06
  +1.10000000000e-06
  +1.11000000000e-06
  +1.12000000000e-06
  +1.13000000000e-06
  +1.14000000000e-06
  +1.15000000000e-06
  +1.16000000000e-06
  +1.17000000000e-06
  +1.18000000000e-06
  +1.19000000000e-06
  +1.20000000000e-06
  +1.21000000000e-06
  +1.22000000000e-06
  +1.23000000000e-06
  +1.24000000000e-06
  +1.25000000000e-06
  +1.26000000000e-06
  +1.27000000000e-06
  +1.28000000000e-06
  +1.29000000000e-06
  +1.30000000000e-06
  +1.31000000000e-06
  +1.32000000000e-06
  +1.33000000000e-06
  +1.34000000000e-06
  +1.35000000000e-06
  +1.36000000000e-06
  +1.37000000000e-06
  +1.38000000000e-06
  +1.39000000000e-06
  +1.40000000000e-06
  +1.41000000000e-06
  +1.42000000000e-06
  +1.43000000000e-06
  +1.44000000000e-06
  +1.45000000000e-06
  +1.46000000000e-06
  +1.47000000000e-06
  +1.48000000000e-06
  +1.49000000000e-06
  +1.50000000000e-06
  +1.51000000000e-06
  +1.52000000000e-06
  +1.53000000000e-06
  +1.54000000000e-06
  +1.55000000000e-06
  +1.56000000000e-06
  +1.57000000000e-06
  +1.58000000000e-06
  +1.59000000000e-06
  +1.60000000000e-06
  +1.61000000000e-06
  +1.62000000000e-06
  +1.63000000000e-06
  +1.64000000000e-06
  +1.65000000000e-06
  +1.66000000000e-06
  +1.67000000000e-06
  +1.68000000000e-06
  +1.69000000000e-06
  +1.70000000000e-06
  +1.71000000000e-06
  +1.72000000000e-06
  +1.73000000000e-06
  +1.74000000000e-06
  +1.75000000000e-06
  +1.76000000000e-06
  +1.77000000000e-06
  +1.78000000000e-06
  +1.79000000000e-06
  +1.80000000000e-06
  +1.81000000000e-06
  +1.82000000000e-06
  +1.83000000000e-06
  +1.84000000000e-06
  +1.85000000000e-06
  +1.86000000000e-06
  +1.87000000000e-06
  +1.88000000000e-06
  +1.89000000000e-06
  +1.90000000000e-06
  +1.91000000000e-06
  +1.92000000000e-06
  +1.93000000000e-06
  +1.94000000000e-06
  +1.95000000000e-06
  +1.96000000000e-06
  +1.97000000000e-06
  +1.98000000000e-06
  +1.99000000000e-06
  +2.00000000000e-06
  +2.01000000000e-06
  +2.02000000000e-06
  +2.03000000000e-06
  +2.04000000000e-06
  +2.05000000000e-06
  +2.06000000000e-06
  +2.07000000000e-06
  +2.08000000000e-06
  +2.09000000000e-06
  +2.10000000000e-06
  +2.11000000000e-06
  +2.12000000000e-06
  +2.13000000000e-06
  +2.14000000000e-06
  +2.15000000000e-06
  +2.16000000000e-06
  +2.17000000000e-06
  +2.18000000000e-06
  +2.19000000000e-06
  +2.20000000000e-06
  +2.21000000000e-06
  +2.22000000000e-06
  +2.23000000000e-06
  +2.24000000000e-06
  +2.25000000000e-06
  +2.26000000000e-06
  +2.27000000000e-06
  +2.28000000000e-06
  +2.29000000000e-06
  +2.30000000000e-06
  +2.31000000000e-06
  +2.32000000000e-06
  +2.33000000000e-06
  +2.34000000000e-06
  +2.35000000000e-06
  +2.36000000000e-06
  +2.37000000000e-06
  +2.38000000000e-06
  +2.39000000000e-06
  +2.40000000000e-06
  +2.41000000000e-06
  +2.42000000000e-06
  +2.43000000000e-06
  +2.44000000000e-06
  +2.45000000000e-06
  +2.46000000000e-06
  +2.47000000000e-06
  +2.48000000000e-06
  +2.49000000000e-06
  +2.50000000000e-06
  +2.51000000000e-06
  +2.52000000000e-06
  +2.53000000000e-06
  +2.54000000000e-06
  +2.55000000000e-06
  +2.56000000000e-06
  +2.57000000000e-06
  +2.58000000000e-06
  +2.59000000000e-06
  +2.60000000000e-06
  +2.61000000000e-06
  +2.62000000000e-06
  +2.63000000000e-06
  +2.64000000000e-06
  +2.65000000000e-06
  +2.66000000000e-06
  +2.67000000000e-06
  +2.68000000000e-06
  +2.69000000000e-06
  +2.70000000000e-06
  +2.71000000000e-06
  +2.72000000000e-06
  +2.73000000000e-06
  +2.74000000000e-06
  +2.75000000000e-06
  +2.76000000000e-06
  +2.77000000000e-06
  +2.78000000000e-06
  +2.79000000000e-06
  +2.80000000000e-06
  +2.81000000000e-06
  +2.82000000000e-06
  +2.83000000000e-06
  +2.84000000000e-06
  +2.85000000000e-06
  +2.86000000000e-06
  +2.87000000000e-06
  +2.88000000000e-06
  +2.89000000000e-06
  +2.90000000000e-06
  +2.91000000000e-06
  +2.92000000000e-06
  +2.93000000000e-06
  +2.94000000000e-06
  +2.95000000000e-06
  +2.96000000000e-06
  +2.97000000000e-06
  +2.98000000000e-06
  +2.99000000000e-06
  +3.00000000000e-06
  +3.01000000000e-06
  +3.02000000000e-06
  +3.03000000000e-06
  +3.04000000000e-06
  +3.05000000000e-06
  +3.06000000000e-06
  +3.07000000000e-06
  +3.08000000000e-06
  +3.09000000000e-06
  +3.10000000000e-06
  +3.11000000000e-06
  +3.12000000000e-06
  +3.13000000000e-06
  +3.14000000000e-06
  +3.15000000000e-06
  +3.16000000000e-06
  +3.17000000000e-06
  +3.18000000000e-06
  +3.19000000000e-06
  +3.20000000000e-06
  +3.21000000000e-06
  +3.22000000000e-06
  +3.23000000000e-06
  +3.24000000000e-06
  +3.25000000000e-06
  +3.26000000000e-06
  +3.27000000000e-06
  +3.28000000000e-06
  +3.29000000000e-06
  +3.30000000000e-06
  +3.31000000000e-06
  +3.32000000000e-06
  +3.33000000000e-06
  +3.34000000000e-06
  +3.35000000000e-06
  +3.36000000000e-06
  +3.37000000000e-06
  +3.38000000000e-06
  +3.39000000000e-06
  +3.40000000000e-06
  +3.41000000000e-06
  +3.42000000000e-06
  +3.43000000000e-06
  +3.44000000000e-06
  +3.45000000000e-06
  +3.46000000000e-06
  +3.47000000000e-06
  +3.48000000000e-06
  +3.49000000000e-06
  +3.50000000000e-06
  +3.51000000000e-06
  +3.52000000000e-06
  +3.53000000000e-06
  +3.54000000000e-06
  +3.55000000000e-06
  +3.56000000000e-06
  +3.57000000000e-06
  +3.58000000000e-06
  +3.59000000000e-06
  +3.60000000000e-06
  +3.61000000000e-06
  +3.62000000000e-06
  +3.63000000000e-06
  +3.64000000000e-06
  +3.65000000000e-06
  +3.66000000000e-06
  +3.67000000000e-06
  +3.68000000000e-06
  +3.69000000000e-06
  +3.70000000000e-06
  +3.71000000000e-06
  +3.72000000000e-06
  +3.73000000000e-06
  +3.74000000000e-06
  +3.75000000000e-06
  +3.76000000000e-06
  +3.77000000000e-06
  +3.78000000000e-06
  +3.79000000000e-06
  +3.80000000000e-06
  +3.81000000000e-06
  +3.82000000000e-06
  +3.83000000000e-06
  +3.84000000000e-06
  +3.85000000000e-06
  +3.86000000000e-06
  +3.87000000000e-06
  +3.88000000000e-06
  +3.89000000000e-06
  +3.90000000000e-06
  +3.91000000000e-06
  +3.92000000000e-06
  +3.93000000000e-06
  +3.94000000000e-06
  +3.95000000000e-06
  +3.96000000000e-06
  +3.97000000000e-06
  +3.98000000000e-06
  +3.99000000000e-06
  +4.00000000000e-06
  +4.01000000000e-06
  +4.02000000000e-06
  +4.03000000000e-06
  +4.04000000000e-06
  +4.05000000000e-06
  +4.06000000000e-06
  +4.07000000000e-06
  +4.08000000000e-06
  +4.09000000000e-06
  +4.10000000000e-06
  +4.11000000000e-06
  +4.12000000000e-06
  +4.13000000000e-06
  +4.14000000000e-06
  +4.15000000000e-06
  +4.16000000000e-06
  +4.17000000000e-06
  +4.18000000000e-06
  +4.19000000000e-06
  +4.20000000000e-06
  +4.21000000000e-06
  +4.22000000000e-06
  +4.23000000000e-06
  +4.24000000000e-06
  +4.25000000000e-06
  +4.26000000000e-06
  +4.27000000000e-06
  +4.28000000000e-06
  +4.29000000000e-06
  +4.30000000000e-06
  +4.31000000000e-06
  +4.32000000000e-06
  +4.33000000000e-06
  +4.34000000000e-06
  +4.35000000000e-06
  +4.36000000000e-06
  +4.37000000000e-06
  +4.38000000000e-06
  +4.39000000000e-06
  +4.40000000000e-06
  +4.41000000000e-06
  +4.42000000000e-06
  +4.43000000000e-06
  +4.44000000000e-06
  +4.45000000000e-06
  +4.46000000000e-06
  +4.47000000000e-06
  +4.48000000000e-06
  +4.49000000000e-06
  +4.50000000000e-06
  +4.51000000000e-06
  +4.52000000000e-06
  +4.53000000000e-06
  +4.54000000000e-06
  +4.55000000000e-06
  +4.56000000000e-06
  +4.57000000000e-06
  +4.58000000000e-06
  +4.59000000000e-06
  +4.60000000000e-06
  +4.61000000000e-06
  +4.62000000000e-06
  +4.63000000000e-06
  +4.64000000000e-06
  +4.65000000000e-06
  +4.66000000000e-06
  +4.67000000000e-06
  +4.68000000000e-06
  +4.69000000000e-06
  +4.70000000000e-06
  +4.71000000000e-06
  +4.72000000000e-06
  +4.73000000000e-06
  +4.74000000000e-06
  +4.75000000000e-06
  +4.76000000000e-06
  +4.77000000000e-06
  +4.78000000000e-06
  +4.79000000000e-06
  +4.80000000000e-06
  +4.81000000000e-06
  +4.82000000000e-06
  +4.83000000000e-06
  +4.84000000000e-06
  +4.85000000000e-06
  +4.86000000000e-06
  +4.87000000000e-06
  +4.88000000000e-06
  +4.89000000000e-06
  +4.90000000000e-06
  +4.91000000000e-06
  +4.92000000000e-06
  +4.93000000000e-06
  +4.94000000000e-06
  +4.95000000000e-06
  +4.96000000000e-06
  +4.97000000000e-06
  +4.98000000000e-06
  +4.99000000000e-06
  +5.00000000000e-06
</indep>
<dep vo t>
  +7.60300000000e-03
  +7.56400000000e-03
  +7.59500000000e-03
  +7.64200000000e-03
  +7.63100000000e-03
  +7.62000000000e-03
  +7.60900000000e-03
  +7.59600000000e-03
  +7.58100000000e-03
  +7.56600000000e-03
  +7.56900000000e-03
  +7.58600000000e-03
  +7.60200000000e-03
  +7.61800000000e-03
  +7.63400000000e-03
  +7.60700000000e-03
  +7.61000000000e-03
  +7.60800000000e-03
  +7.60700000000e-03
  +7.60500000000e-03
  +7.60500000000e-03
  +7.60500000000e-03
  +7.60400000000e-03
  +7.60400000000e-03
  +7.60400000000e-03
  +7.60400000000e-03
  +7.60300000000e-03
  +7.60300000000e-03
  +7.60300000000e-03
  +7.60300000000e-03
  +7.60300000000e-03
  +7.60300000000e-03
  +7.60300000000e-03
  +7.60400000000e-03
  +7.60600000000e-03
  +7.60700000000e-03
  +7.60600000000e-03
  +7.60500000000e-03
  +7.60400000000e-03
  +7.60300000000e-03
  +7.60300000000e-03
  +7.60300000000e-03
  +7.60400000000e-03
  +7.60400000000e-03
  +7.60400000000e-03
  +7.60300000000e-03
  +7.60300000000e-03
  +7.60300000000e-03
  +7.60300000000e-03
  +7.60300000000e-03
  +7.60300000000e-03
  +7.60200000000e-03
  +7.60200000000e-03
  +7.60200000000e-03
  +7.58100000000e-03
  +7.53600000000e-03
  +7.54900000000e-03
  +7.56100000000e-03
  +7.57400000000e-03
  +8.76600000000e-03
  +1.07800000000e-02
  +9.91200000000e-03
  +2.05000000000e-03
  -5.81300000000e-03
  -3.48200000000e-02
  -6.51600000000e-02
  +8.96700000000e-02
  +7.63800000000e-01
  +9.20600000000e-01
  +9.69500000000e-01
  +9.88400000000e-01
  +9.96300000000e-01
  +9.97900000000e-01
  +9.98900000000e-01
  +9.99200000000e-01
  +9.99600000000e-01
  +9.99600000000e-01
  +9.99700000000e-01
  +9.99700000000e-01
  +9.99800000000e-01
  +9.99800000000e-01
  +9.99800000000e-01
  +9.99800000000e-01
  +9.99800000000e-01
  +9.99800000000e-01
  +9.99800000000e-01
  +9.99800000000e-01
  +9.99800000000e-01
  +9.99800000000e-01
  +9.99800000000e-01
  +9.99800000000e-01
  +9.99800000000e-01
  +9.99800000000e-01
  +9.99800000000e-01
  +9.99800000000e-01
  +9.99800000000e-01
  +9.99800000000e-01
  +9.99800000000e-01
  +9.99800000000e-01
  +9.99800000000e-01
  +9.99800000000e-01
  +9.99900000000e-01
  +9.99900000000e-01
  +9.99900000000e-01
  +1.00000000000e+00
  +1.00010000000e+00
  +1.00020000000e+00
  +9.95900000000e-01
  +9.92100000000e-01
  +9.90500000000e-01
  +1.01370000000e+00
  +1.06910000000e+00
  +1.06770000000e+00
  +8.20700000000e-01
  +2.83400000000e-01
  +9.98100000000e-02
  +6.16300000000e-02
  +3.82800000000e-02
  +2.91200000000e-02
  +1.99700000000e-02
  +1.51600000000e-02
  +1.26000000000e-02
  +1.01300000000e-02
  +9.44200000000e-03
  +8.75400000000e-03
  +8.06600000000e-03
  +7.96500000000e-03
  +7.86400000000e-03
  +7.78700000000e-03
  +7.71000000000e-03
  +7.67800000000e-03
  +7.66100000000e-03
  +7.64400000000e-03
  +7.62700000000e-03
  +7.61000000000e-03
  +7.59400000000e-03
  +7.59500000000e-03
  +7.59600000000e-03
  +7.59700000000e-03
  +7.59800000000e-03
  +7.59900000000e-03
  +7.60100000000e-03
  +7.60200000000e-03
  +7.60300000000e-03
  +7.60300000000e-03
  +7.60300000000e-03
  +7.60300000000e-03
  +7.60300000000e-03
  +7.60300000000e-03
  +7.60300000000e-03
  +7.60300000000e-03
  +7.60200000000e-03
  +7.60200000000e-03
  +7.60200000000e-03
  +7.58100000000e-03
  +7.54500000000e-03
  +7.54200000000e-03
  +7.53900000000e-03
  +7.53600000000e-03
  +8.62200000000e-03
  +1.00300000000e-02
  +8.74000000000e-03
  +3.66200000000e-03
  -1.41500000000e-03
  -2.90800000000e-02
  -6.30500000000e-02
  +2.28600000000e-02
  +6.91200000000e-01
  +9.05500000000e-01
  +9.63500000000e-01
  +9.86200000000e-01
  +9.95600000000e-01
  +9.97700000000e-01
  +9.98800000000e-01
  +9.99200000000e-01
  +9.99500000000e-01
  +9.99600000000e-01
  +9.99700000000e-01
  +9.99700000000e-01
  +9.99800000000e-01
  +9.99800000000e-01
  +9.99800000000e-01
  +9.99800000000e-01
  +9.99800000000e-01
  +9.99800000000e-01
  +9.99800000000e-01
  +9.99800000000e-01
  +9.99800000000e-01
  +9.99800000000e-01
  +9.99800000000e-01
  +9.99800000000e-01
  +9.99800000000e-01
  +9.99800000000e-01
  +9.99800000000e-01
  +9.99800000000e-01
  +9.99800000000e-01
  +9.99800000000e-01
  +9.99800000000e-01
  +9.99800000000e-01
  +9.99800000000e-01
  +9.99800000000e-01
  +9.99800000000e-01
  +9.99900000000e-01
  +9.99900000000e-01
  +9.99900000000e-01
  +9.99800000000e-01
  +9.99700000000e-01
  +9.96500000000e-01
  +9.91700000000e-01
  +9.92300000000e-01
  +1.00080000000e+00
  +1.06610000000e+00
  +1.07280000000e+00
  +9.29200000000e-01
  +2.91000000000e-01
  +9.00700000000e-02
  +6.01700000000e-02
  +3.91200000000e-02
  +2.76800000000e-02
  +1.89600000000e-02
  +1.57900000000e-02
  +1.26200000000e-02
  +1.02900000000e-02
  +9.54800000000e-03
  +8.80900000000e-03
  +8.07000000000e-03
  +7.95800000000e-03
  +7.84600000000e-03
  +7.77300000000e-03
  +7.70100000000e-03
  +7.66900000000e-03
  +7.65500000000e-03
  +7.64000000000e-03
  +7.62600000000e-03
  +7.61200000000e-03
  +7.59700000000e-03
  +7.59800000000e-03
  +7.59800000000e-03
  +7.59900000000e-03
  +7.60000000000e-03
  +7.60000000000e-03
  +7.60100000000e-03
  +7.60200000000e-03
  +7.60300000000e-03
  +7.60300000000e-03
  +7.60300000000e-03
  +7.60300000000e-03
  +7.60300000000e-03
  +7.60300000000e-03
  +7.60300000000e-03
  +7.60300000000e-03
  +7.60200000000e-03
  +7.60200000000e-03
  +7.60200000000e-03
  +7.58100000000e-03
  +7.54500000000e-03
  +7.54200000000e-03
  +7.53900000000e-03
  +7.53600000000e-03
  +8.62600000000e-03
  +1.00400000000e-02
  +8.75600000000e-03
  +3.64300000000e-03
  -1.46900000000e-03
  -2.92100000000e-02
  -6.31100000000e-02
  +2.38200000000e-02
  +6.93200000000e-01
  +9.05800000000e-01
  +9.63600000000e-01
  +9.86300000000e-01
  +9.95600000000e-01
  +9.97700000000e-01
  +9.98800000000e-01
  +9.99200000000e-01
  +9.99500000000e-01
  +9.99600000000e-01
  +9.99700000000e-01
  +9.99700000000e-01
  +9.99800000000e-01
  +9.99800000000e-01
  +9.99800000000e-01
  +9.99800000000e-01
  +9.99800000000e-01
  +9.99800000000e-01
  +9.99800000000e-01
  +9.99800000000e-01
  +9.99800000000e-01
  +9.99800000000e-01
  +9.99800000000e-01
  +9.99800000000e-01
  +9.99800000000e-01
  +9.99800000000e-01
  +9.99800000000e-01
  +9.99800000000e-01
  +9.99800000000e-01
  +9.99800000000e-01
  +9.99800000000e-01
  +9.99800000000e-01
  +9.99800000000e-01
  +9.99800000000e-01
  +9.99800000000e-01
  +9.99900000000e-01
  +9.99900000000e-01
  +9.99900000000e-01
  +9.99900000000e-01
  +9.99800000000e-01
  +9.96400000000e-01
  +9.91700000000e-01
  +9.92200000000e-01
  +1.00140000000e+00
  +1.06680000000e+00
  +1.07180000000e+00
  +9.21500000000e-01
  +2.85900000000e-01
  +8.94800000000e-02
  +6.01200000000e-02
  +3.90600000000e-02
  +2.76200000000e-02
  +1.91100000000e-02
  +1.58400000000e-02
  +1.25700000000e-02
  +1.03200000000e-02
  +9.57000000000e-03
  +8.81600000000e-03
  +8.06300000000e-03
  +7.95100000000e-03
  +7.83900000000e-03
  +7.76800000000e-03
  +7.69800000000e-03
  +7.66700000000e-03
  +7.65300000000e-03
  +7.63900000000e-03
  +7.62500000000e-03
  +7.61100000000e-03
  +7.59800000000e-03
  +7.59800000000e-03
  +7.59900000000e-03
  +7.59900000000e-03
  +7.60000000000e-03
  +7.60000000000e-03
  +7.60100000000e-03
  +7.60200000000e-03
  +7.60300000000e-03
  +7.60300000000e-03
  +7.60300000000e-03
  +7.60300000000e-03
  +7.60300000000e-03
  +7.60300000000e-03
  +7.60300000000e-03
  +7.60300000000e-03
  +7.60200000000e-03
  +7.60200000000e-03
  +7.60200000000e-03
  +7.58100000000e-03
  +7.54500000000e-03
  +7.54200000000e-03
  +7.53900000000e-03
  +7.53600000000e-03
  +8.62600000000e-03
  +1.00400000000e-02
  +8.75500000000e-03
  +3.64400000000e-03
  -1.46600000000e-03
  -2.92000000000e-02
  -6.31100000000e-02
  +2.37700000000e-02
  +6.93100000000e-01
  +9.05800000000e-01
  +9.63600000000e-01
  +9.86300000000e-01
  +9.95600000000e-01
  +9.97700000000e-01
  +9.98800000000e-01
  +9.99200000000e-01
  +9.99500000000e-01
  +9.99600000000e-01
  +9.99700000000e-01
  +9.99700000000e-01
  +9.99800000000e-01
  +9.99800000000e-01
  +9.99800000000e-01
  +9.99800000000e-01
  +9.99800000000e-01
  +9.99800000000e-01
  +9.99800000000e-01
  +9.99800000000e-01
  +9.99800000000e-01
  +9.99800000000e-01
  +9.99800000000e-01
  +9.99800000000e-01
  +9.99800000000e-01
  +9.99800000000e-01
  +9.99800000000e-01
  +9.99800000000e-01
  +9.99800000000e-01
  +9.99800000000e-01
  +9.99800000000e-01
  +9.99800000000e-01
  +9.99800000000e-01
  +9.99800000000e-01
  +9.99800000000e-01
  +9.99900000000e-01
  +9.99900000000e-01
  +9.99900000000e-01
  +9.99900000000e-01
  +9.99800000000e-01
  +9.96500000000e-01
  +9.91700000000e-01
  +9.92200000000e-01
  +1.00140000000e+00
  +1.06680000000e+00
  +1.07180000000e+00
  +9.21800000000e-01
  +2.86100000000e-01
  +8.95100000000e-02
  +6.01200000000e-02
  +3.90700000000e-02
  +2.76300000000e-02
  +1.91100000000e-02
  +1.58400000000e-02
  +1.25700000000e-02
  +1.03200000000e-02
  +9.56900000000e-03
  +8.81600000000e-03
  +8.06300000000e-03
  +7.95100000000e-03
  +7.83900000000e-03
  +7.76800000000e-03
  +7.69800000000e-03
  +7.66700000000e-03
  +7.65300000000e-03
  +7.63900000000e-03
  +7.62500000000e-03
  +7.61100000000e-03
  +7.59800000000e-03
  +7.59800000000e-03
  +7.59900000000e-03
  +7.59900000000e-03
  +7.60000000000e-03
  +7.60000000000e-03
  +7.60100000000e-03
  +7.60200000000e-03
  +7.60300000000e-03
  +7.60300000000e-03
  +7.60300000000e-03
  +7.60300000000e-03
  +7.60300000000e-03
  +7.60300000000e-03
  +7.60300000000e-03
  +7.60300000000e-03
  +7.60200000000e-03
  +7.60200000000e-03
  +7.60200000000e-03
  +7.58100000000e-03
  +7.54500000000e-03
  +7.54200000000e-03
  +7.53900000000e-03
  +7.53600000000e-03
  +8.62600000000e-03
  +1.00400000000e-02
  +8.75500000000e-03
  +3.64400000000e-03
  -1.46600000000e-03
  -2.92000000000e-02
  -6.31100000000e-02
  +2.37700000000e-02
  +6.93100000000e-01
  +9.05800000000e-01
  +9.63600000000e-01
  +9.86300000000e-01
  +9.95600000000e-01
  +9.97700000000e-01
  +9.98800000000e-01
  +9.99200000000e-01
  +9.99500000000e-01
  +9.99600000000e-01
  +9.99700000000e-01
  +9.99700000000e-01
  +9.99800000000e-01
  +9.99800000000e-01
  +9.99800000000e-01
  +9.99800000000e-01
  +9.99800000000e-01
  +9.99800000000e-01
  +9.99800000000e-01
  +9.99800000000e-01
  +9.99800000000e-01
  +9.99800000000e-01
  +9.99800000000e-01
  +9.99800000000e-01
  +9.99800000000e-01
  +9.99800000000e-01
  +9.99800000000e-01
  +9.99800000000e-01
  +9.99800000000e-01
  +9.99800000000e-01
  +9.99800000000e-01
  +9.99800000000e-01
  +9.99800000000e-01
  +9.99800000000e-01
</dep>
<dep vi t>
  +5.00000000000e-01
  +5.31400000000e-01
  +5.62600000000e-01
  +5.93700000000e-01
  +6.23700000000e-01
  +6.53700000000e-01
  +6.83700000000e-01
  +7.12200000000e-01
  +7.39800000000e-01
  +7.67400000000e-01
  +7.92300000000e-01
  +8.15300000000e-01
  +8.38300000000e-01
  +8.61300000000e-01
  +8.84300000000e-01
  +9.04500000000e-01
  +9.22100000000e-01
  +9.36900000000e-01
  +9.51400000000e-01
  +9.62700000000e-01
  +9.69000000000e-01
  +9.75200000000e-01
  +9.81400000000e-01
  +9.87600000000e-01
  +9.93800000000e-01
  +1.00000000000e+00
  +9.95100000000e-01
  +9.90200000000e-01
  +9.85300000000e-01
  +9.80400000000e-01
  +9.75500000000e-01
  +9.63700000000e-01
  +9.51900000000e-01
  +9.36900000000e-01
  +9.20700000000e-01
  +9.04500000000e-01
  +8.82900000000e-01
  +8.61200000000e-01
  +8.39600000000e-01
  +8.17900000000e-01
  +7.93100000000e-01
  +7.67100000000e-01
  +7.40500000000e-01
  +7.10400000000e-01
  +6.80400000000e-01
  +6.50300000000e-01
  +6.20200000000e-01
  +5.90200000000e-01
  +5.60100000000e-01
  +5.30100000000e-01
  +5.00000000000e-01
  +4.68900000000e-01
  +4.37700000000e-01
  +4.06600000000e-01
  +3.75700000000e-01
  +3.45800000000e-01
  +3.17100000000e-01
  +2.88400000000e-01
  +2.59700000000e-01
  +2.32600000000e-01
  +2.06700000000e-01
  +1.81700000000e-01
  +1.58600000000e-01
  +1.35600000000e-01
  +1.15500000000e-01
  +9.54900000000e-02
  +7.78600000000e-02
  +6.19300000000e-02
  +4.76100000000e-02
  +3.53000000000e-02
  +2.49100000000e-02
  +1.60900000000e-02
  +9.44600000000e-03
  +4.96200000000e-03
  +2.48100000000e-03
  +0.00000000000e+00
  +1.89900000000e-03
  +4.10100000000e-03
  +1.01100000000e-02
  +1.61200000000e-02
  +2.80700000000e-02
  +4.15500000000e-02
  +5.50400000000e-02
  +6.85200000000e-02
  +8.20100000000e-02
  +9.54900000000e-02
  +1.18400000000e-01
  +1.41200000000e-01
  +1.64100000000e-01
  +1.86900000000e-01
  +2.09800000000e-01
  +2.32600000000e-01
  +2.59700000000e-01
  +2.87500000000e-01
  +3.16700000000e-01
  +3.47200000000e-01
  +3.77800000000e-01
  +4.08300000000e-01
  +4.38900000000e-01
  +4.69400000000e-01
  +5.00000000000e-01
  +5.31300000000e-01
  +5.62600000000e-01
  +5.93700000000e-01
  +6.24000000000e-01
  +6.54000000000e-01
  +6.84000000000e-01
  +7.12600000000e-01
  +7.40700000000e-01
  +7.67600000000e-01
  +7.93600000000e-01
  +8.18500000000e-01
  +8.42000000000e-01
  +8.64200000000e-01
  +8.85200000000e-01
  +9.04500000000e-01
  +9.22000000000e-01
  +9.38100000000e-01
  +9.51200000000e-01
  +9.64300000000e-01
  +9.74300000000e-01
  +9.82800000000e-01
  +9.91000000000e-01
  +9.94000000000e-01
  +9.97000000000e-01
  +1.00000000000e+00
  +9.98100000000e-01
  +9.96000000000e-01
  +9.89900000000e-01
  +9.83800000000e-01
  +9.72100000000e-01
  +9.58600000000e-01
  +9.45100000000e-01
  +9.31600000000e-01
  +9.18000000000e-01
  +9.04500000000e-01
  +8.82100000000e-01
  +8.59800000000e-01
  +8.37400000000e-01
  +8.15100000000e-01
  +7.92700000000e-01
  +7.67300000000e-01
  +7.40200000000e-01
  +7.12600000000e-01
  +6.82200000000e-01
  +6.51800000000e-01
  +6.21500000000e-01
  +5.91100000000e-01
  +5.60700000000e-01
  +5.30400000000e-01
  +5.00000000000e-01
  +4.68900000000e-01
  +4.37700000000e-01
  +4.06600000000e-01
  +3.75700000000e-01
  +3.45800000000e-01
  +3.17000000000e-01
  +2.88200000000e-01
  +2.59400000000e-01
  +2.32700000000e-01
  +2.06700000000e-01
  +1.81900000000e-01
  +1.58900000000e-01
  +1.35900000000e-01
  +1.15300000000e-01
  +9.54900000000e-02
  +7.78700000000e-02
  +6.18900000000e-02
  +4.75900000000e-02
  +3.52900000000e-02
  +2.48700000000e-02
  +1.60900000000e-02
  +9.31400000000e-03
  +4.93400000000e-03
  +1.94400000000e-03
  +0.00000000000e+00
  +1.58300000000e-03
  +4.88700000000e-03
  +1.01000000000e-02
  +2.00300000000e-02
  +2.99500000000e-02
  +3.98700000000e-02
  +4.98000000000e-02
  +6.25900000000e-02
  +7.90400000000e-02
  +9.54900000000e-02
  +1.16900000000e-01
  +1.38300000000e-01
  +1.59600000000e-01
  +1.81400000000e-01
  +2.07000000000e-01
  +2.32600000000e-01
  +2.60500000000e-01
  +2.90500000000e-01
  +3.20400000000e-01
  +3.50300000000e-01
  +3.80300000000e-01
  +4.10200000000e-01
  +4.40100000000e-01
  +4.70100000000e-01
  +5.00000000000e-01
  +5.31300000000e-01
  +5.62500000000e-01
  +5.93700000000e-01
  +6.24000000000e-01
  +6.53900000000e-01
  +6.83800000000e-01
  +7.12600000000e-01
  +7.40800000000e-01
  +7.67500000000e-01
  +7.93800000000e-01
  +8.18300000000e-01
  +8.42000000000e-01
  +8.64400000000e-01
  +8.85200000000e-01
  +9.04500000000e-01
  +9.22100000000e-01
  +9.38000000000e-01
  +9.51800000000e-01
  +9.64800000000e-01
  +9.73900000000e-01
  +9.83000000000e-01
  +9.90100000000e-01
  +9.93400000000e-01
  +9.96700000000e-01
  +1.00000000000e+00
  +9.98000000000e-01
  +9.96000000000e-01
  +9.89900000000e-01
  +9.83700000000e-01
  +9.72400000000e-01
  +9.58800000000e-01
  +9.45200000000e-01
  +9.31700000000e-01
  +9.18100000000e-01
  +9.04500000000e-01
  +8.82200000000e-01
  +8.59800000000e-01
  +8.37500000000e-01
  +8.15100000000e-01
  +7.92800000000e-01
  +7.67300000000e-01
  +7.40200000000e-01
  +7.12500000000e-01
  +6.82200000000e-01
  +6.51800000000e-01
  +6.21500000000e-01
  +5.91100000000e-01
  +5.60700000000e-01
  +5.30400000000e-01
  +5.00000000000e-01
  +4.68900000000e-01
  +4.37700000000e-01
  +4.06600000000e-01
  +3.75700000000e-01
  +3.45800000000e-01
  +3.17000000000e-01
  +2.88200000000e-01
  +2.59400000000e-01
  +2.32700000000e-01
  +2.06700000000e-01
  +1.81900000000e-01
  +1.58900000000e-01
  +1.35900000000e-01
  +1.15300000000e-01
  +9.54900000000e-02
  +7.78700000000e-02
  +6.18900000000e-02
  +4.75900000000e-02
  +3.52900000000e-02
  +2.48700000000e-02
  +1.60900000000e-02
  +9.31700000000e-03
  +4.93300000000e-03
  +1.95000000000e-03
  +0.00000000000e+00
  +1.58400000000e-03
  +4.85500000000e-03
  +1.02100000000e-02
  +2.00600000000e-02
  +2.99200000000e-02
  +3.97700000000e-02
  +4.96200000000e-02
  +6.26800000000e-02
  +7.90800000000e-02
  +9.54900000000e-02
  +1.16900000000e-01
  +1.38400000000e-01
  +1.59800000000e-01
  +1.81300000000e-01
  +2.07000000000e-01
  +2.32700000000e-01
  +2.60300000000e-01
  +2.90300000000e-01
  +3.20200000000e-01
  +3.50200000000e-01
  +3.80200000000e-01
  +4.10100000000e-01
  +4.40100000000e-01
  +4.70000000000e-01
  +5.00000000000e-01
  +5.31300000000e-01
  +5.62500000000e-01
  +5.93700000000e-01
  +6.24000000000e-01
  +6.53900000000e-01
  +6.83800000000e-01
  +7.12600000000e-01
  +7.40800000000e-01
  +7.67500000000e-01
  +7.93800000000e-01
  +8.18300000000e-01
  +8.42000000000e-01
  +8.64400000000e-01
  +8.85200000000e-01
  +9.04500000000e-01
  +9.22100000000e-01
  +9.38000000000e-01
  +9.51800000000e-01
  +9.64700000000e-01
  +9.73900000000e-01
  +9.83100000000e-01
  +9.90000000000e-01
  +9.93300000000e-01
  +9.96700000000e-01
  +1.00000000000e+00
  +9.98000000000e-01
  +9.96000000000e-01
  +9.89900000000e-01
  +9.83700000000e-01
  +9.72400000000e-01
  +9.58800000000e-01
  +9.45200000000e-01
  +9.31700000000e-01
  +9.18100000000e-01
  +9.04500000000e-01
  +8.82200000000e-01
  +8.59800000000e-01
  +8.37500000000e-01
  +8.15100000000e-01
  +7.92800000000e-01
  +7.67300000000e-01
  +7.40200000000e-01
  +7.12500000000e-01
  +6.82200000000e-01
  +6.51800000000e-01
  +6.21500000000e-01
  +5.91100000000e-01
  +5.60700000000e-01
  +5.30400000000e-01
  +5.00000000000e-01
  +4.68900000000e-01
  +4.37700000000e-01
  +4.06600000000e-01
  +3.75700000000e-01
  +3.45800000000e-01
  +3.17000000000e-01
  +2.88200000000e-01
  +2.59400000000e-01
  +2.32700000000e-01
  +2.06700000000e-01
  +1.81900000000e-01
  +1.58900000000e-01
  +1.35900000000e-01
  +1.15300000000e-01
  +9.54900000000e-02
  +7.78700000000e-02
  +6.18900000000e-02
  +4.75900000000e-02
  +3.52900000000e-02
  +2.48700000000e-02
  +1.60900000000e-02
  +9.31700000000e-03
  +4.93300000000e-03
  +1.94900000000e-03
  +0.00000000000e+00
  +1.58400000000e-03
  +4.85600000000e-03
  +1.02000000000e-02
  +2.00600000000e-02
  +2.99200000000e-02
  +3.97700000000e-02
  +4.96300000000e-02
  +6.26700000000e-02
  +7.90800000000e-02
  +9.54900000000e-02
  +1.16900000000e-01
  +1.38400000000e-01
  +1.59800000000e-01
  +1.81300000000e-01
  +2.07000000000e-01
  +2.32700000000e-01
  +2.60300000000e-01
  +2.90300000000e-01
  +3.20200000000e-01
  +3.50200000000e-01
  +3.80200000000e-01
  +4.10100000000e-01
  +4.40100000000e-01
  +4.70000000000e-01
  +5.00000000000e-01
  +5.31300000000e-01
  +5.62500000000e-01
  +5.93700000000e-01
  +6.24000000000e-01
  +6.53900000000e-01
  +6.83800000000e-01
  +7.12600000000e-01
  +7.40800000000e-01
  +7.67500000000e-01
  +7.93800000000e-01
  +8.18300000000e-01
  +8.42000000000e-01
  +8.64400000000e-01
  +8.85200000000e-01
  +9.04500000000e-01
  +9.22100000000e-01
  +9.38000000000e-01
  +9.51800000000e-01
  +9.64700000000e-01
  +9.73900000000e-01
  +9.83100000000e-01
  +9.90000000000e-01
  +9.93300000000e-01
  +9.96700000000e-01
  +1.00000000000e+00
  +9.98000000000e-01
  +9.96000000000e-01
  +9.89900000000e-01
  +9.83700000000e-01
  +9.72400000000e-01
  +9.58800000000e-01
  +9.45200000000e-01
  +9.31700000000e-01
  +9.18100000000e-01
  +9.04500000000e-01
  +8.82200000000e-01
  +8.59800000000e-01
  +8.37500000000e-01
  +8.15100000000e-01
  +7.92800000000e-01
  +7.67300000000e-01
  +7.40200000000e-01
  +7.12500000000e-01
  +6.82200000000e-01
  +6.51800000000e-01
  +6.21500000000e-01
  +5.91100000000e-01
  +5.60700000000e-01
  +5.30400000000e-01
  +5.00000000000e-01
  +4.68900000000e-01
  +4.37700000000e-01
  +4.06600000000e-01
  +3.75700000000e-01
  +3.45800000000e-01
  +3.17000000000e-01
  +2.88200000000e-01
  +2.59400000000e-01
  +2.32700000000e-01
  +2.06700000000e-01
  +1.81900000000e-01
  +1.58900000000e-01
  +1.35900000000e-01
  +1.15300000000e-01
  +9.54900000000e-02
  +7.78700000000e-02
  +6.18900000000e-02
  +4.75900000000e-02
  +3.52900000000e-02
  +2.48700000000e-02
  +1.60900000000e-02
  +9.31700000000e-03
  +4.93300000000e-03
  +1.94900000000e-03
  +0.00000000000e+00
  +1.58400000000e-03
  +4.85600000000e-03
  +1.02100000000e-02
  +2.00600000000e-02
  +2.99200000000e-02
  +3.97700000000e-02
  +4.96300000000e-02
  +6.26700000000e-02
  +7.90800000000e-02
  +9.54900000000e-02
  +1.16900000000e-01
  +1.38400000000e-01
  +1.59800000000e-01
  +1.81300000000e-01
  +2.07000000000e-01
  +2.32700000000e-01
  +2.60300000000e-01
  +2.90300000000e-01
  +3.20200000000e-01
  +3.50200000000e-01
  +3.80200000000e-01
  +4.10100000000e-01
  +4.40100000000e-01
  +4.70000000000e-01
  +5.00000000000e-01
</dep>
