<Qucs Dataset 0.0.18>
<indep vi 101>
  +0.00000000000e+00
  +1.00000000000e-02
  +2.00000000000e-02
  +3.00000000000e-02
  +4.00000000000e-02
  +5.00000000000e-02
  +6.00000000000e-02
  +7.00000000000e-02
  +8.00000000000e-02
  +9.00000000000e-02
  +1.00000000000e-01
  +1.10000000000e-01
  +1.20000000000e-01
  +1.30000000000e-01
  +1.40000000000e-01
  +1.50000000000e-01
  +1.60000000000e-01
  +1.70000000000e-01
  +1.80000000000e-01
  +1.90000000000e-01
  +2.00000000000e-01
  +2.10000000000e-01
  +2.20000000000e-01
  +2.30000000000e-01
  +2.40000000000e-01
  +2.50000000000e-01
  +2.60000000000e-01
  +2.70000000000e-01
  +2.80000000000e-01
  +2.90000000000e-01
  +3.00000000000e-01
  +3.10000000000e-01
  +3.20000000000e-01
  +3.30000000000e-01
  +3.40000000000e-01
  +3.50000000000e-01
  +3.60000000000e-01
  +3.70000000000e-01
  +3.80000000000e-01
  +3.90000000000e-01
  +4.00000000000e-01
  +4.10000000000e-01
  +4.20000000000e-01
  +4.30000000000e-01
  +4.40000000000e-01
  +4.50000000000e-01
  +4.60000000000e-01
  +4.70000000000e-01
  +4.80000000000e-01
  +4.90000000000e-01
  +5.00000000000e-01
  +5.10000000000e-01
  +5.20000000000e-01
  +5.30000000000e-01
  +5.40000000000e-01
  +5.50000000000e-01
  +5.60000000000e-01
  +5.70000000000e-01
  +5.80000000000e-01
  +5.90000000000e-01
  +6.00000000000e-01
  +6.10000000000e-01
  +6.20000000000e-01
  +6.30000000000e-01
  +6.40000000000e-01
  +6.50000000000e-01
  +6.60000000000e-01
  +6.70000000000e-01
  +6.80000000000e-01
  +6.90000000000e-01
  +7.00000000000e-01
  +7.10000000000e-01
  +7.20000000000e-01
  +7.30000000000e-01
  +7.40000000000e-01
  +7.50000000000e-01
  +7.60000000000e-01
  +7.70000000000e-01
  +7.80000000000e-01
  +7.90000000000e-01
  +8.00000000000e-01
  +8.10000000000e-01
  +8.20000000000e-01
  +8.30000000000e-01
  +8.40000000000e-01
  +8.50000000000e-01
  +8.60000000000e-01
  +8.70000000000e-01
  +8.80000000000e-01
  +8.90000000000e-01
  +9.00000000000e-01
  +9.10000000000e-01
  +9.20000000000e-01
  +9.30000000000e-01
  +9.40000000000e-01
  +9.50000000000e-01
  +9.60000000000e-01
  +9.70000000000e-01
  +9.80000000000e-01
  +9.90000000000e-01
  +1.00000000000e+00
</indep>
<dep vo vi>
  +9.99900000000e-01
  +9.99800000000e-01
  +9.99800000000e-01
  +9.99700000000e-01
  +9.99600000000e-01
  +9.99500000000e-01
  +9.99400000000e-01
  +9.99200000000e-01
  +9.98900000000e-01
  +9.98600000000e-01
  +9.98100000000e-01
  +9.97600000000e-01
  +9.96900000000e-01
  +9.96000000000e-01
  +9.94900000000e-01
  +9.93700000000e-01
  +9.92200000000e-01
  +9.90400000000e-01
  +9.88400000000e-01
  +9.86000000000e-01
  +9.83400000000e-01
  +9.80400000000e-01
  +9.77000000000e-01
  +9.73300000000e-01
  +9.69200000000e-01
  +9.64600000000e-01
  +9.59600000000e-01
  +9.54200000000e-01
  +9.48200000000e-01
  +9.41700000000e-01
  +9.34600000000e-01
  +9.26800000000e-01
  +9.18400000000e-01
  +9.09300000000e-01
  +8.99300000000e-01
  +8.88400000000e-01
  +8.76500000000e-01
  +8.63400000000e-01
  +8.49000000000e-01
  +8.32900000000e-01
  +8.14800000000e-01
  +7.94200000000e-01
  +7.70200000000e-01
  +7.41400000000e-01
  +7.04700000000e-01
  +6.51500000000e-01
  +5.14900000000e-01
  +2.62100000000e-01
  +2.14800000000e-01
  +1.88300000000e-01
  +1.69200000000e-01
  +1.54100000000e-01
  +1.41600000000e-01
  +1.30900000000e-01
  +1.21600000000e-01
  +1.13400000000e-01
  +1.06000000000e-01
  +9.92800000000e-02
  +9.31900000000e-02
  +8.76000000000e-02
  +8.24500000000e-02
  +7.76900000000e-02
  +7.32600000000e-02
  +6.91400000000e-02
  +6.52800000000e-02
  +6.16700000000e-02
  +5.82700000000e-02
  +5.50800000000e-02
  +5.20700000000e-02
  +4.92400000000e-02
  +4.65600000000e-02
  +4.40200000000e-02
  +4.16200000000e-02
  +3.93500000000e-02
  +3.72000000000e-02
  +3.51500000000e-02
  +3.32200000000e-02
  +3.13800000000e-02
  +2.96300000000e-02
  +2.79800000000e-02
  +2.64100000000e-02
  +2.49200000000e-02
  +2.35000000000e-02
  +2.21600000000e-02
  +2.08900000000e-02
  +1.96800000000e-02
  +1.85400000000e-02
  +1.74500000000e-02
  +1.64200000000e-02
  +1.54500000000e-02
  +1.45200000000e-02
  +1.36400000000e-02
  +1.28100000000e-02
  +1.20200000000e-02
  +1.12700000000e-02
  +1.05600000000e-02
  +9.89500000000e-03
  +9.26700000000e-03
  +8.67500000000e-03
  +8.11800000000e-03
  +7.59500000000e-03
</dep>
